           5
           1   4.0536794660833486       -196.37235815507600     
 O  -0.76575342763024568      -0.82873850546315730       0.42056406240985461     
 N    8.3772076972672971E-002   9.0662533610493271E-002  -4.6008968078887137E-002
 N   0.79090451088970815       0.85595832635998392      -0.43437744066967171     
 N    4.0302264367743588      -0.29012996945397246       0.46532304169595295     
 N    4.0760026075060152       0.29012996945397246      -0.46532304169595295     
           5
           2   3.5205276411277175       -417.99202939614923     
 O   0.29572825264638447      -0.84782898471709733       0.80236573095798980     
 N   -3.2352150248094416E-002   9.2750998434549550E-002  -8.7777398505493612E-002
 N  -0.30544141309217232       0.87567583020938000      -0.82871934110938739     
 N    3.9595998526291281      -0.31373586375549201       -9.6959019008684783E-002
 N    3.0800691750817926       0.31373586375549201        9.6959019008684783E-002
           5
           3   3.7919258259778035       -220.84438150219259     
 O  -0.47289841553748468       -1.1071707062583236        2.4496300558213363E-002
 N    5.1734254183175815E-002  0.12112252623353137       -2.6798521584930719E-003
 N   0.48843070960668511        1.1435356007671433       -2.5300878732672335E-002
 N    3.6358350615859121       0.49198534481839173       0.18696669787887527     
 N    3.9470820447259749      -0.49198534481839173      -0.18696669787887527     
           5
           4   3.8583392870283708       -273.12176935604418     
 O   0.70434734526807907      -0.86565783952514608       0.45231767049046750     
 N   -7.7054359659734450E-002   9.4701443765152299E-002  -4.9482756904777499E-002
 N  -0.72748155281481020       0.89409027170306166      -0.46717399235563722     
 N    3.8847440737550198      -0.10945385994089891       0.53716596679225448     
 N    3.8319284160603293       0.10945385994089891      -0.53716596679225448     
           5
           5   3.9054478935707806       -335.36538080530369     
 O  -0.50453812257051933       -2.3433507482517053E-002  -1.0931386492826696     
 N    5.5195582434969220E-002   2.5635844669219337E-003  0.11958744390202006     
 N   0.52110961917826482        2.4203178340639044E-002   1.1290426624939831     
 N    4.4169296475994546      -0.16067855748435594       0.11498763559036090     
 N    3.3928494913883602       0.16067855748435594      -0.11498763559036090     
           5
           6   3.7389210338959202       -284.20698389996841     
 O   0.11100417867699092      -0.88217183546415878      -0.81210275087916162     
 N   -1.2143661738733214E-002   9.6508045850121849E-002   8.8842611344102956E-002
 N  -0.11465009815879224       0.91114666793937882       0.83877617232999302     
 N    4.2651060984906932       0.10002290204226859       0.11901066548588388     
 N    3.2123826261050916      -0.10002290204226859      -0.11901066548588388     
           5
           7   3.9335783011815719       -269.23422729202656     
 O   0.76829640882454409       0.16686990329859955       0.91210471795506165     
 N   -8.4050274638739056E-002  -1.8255273667939425E-002  -9.9782650501650361E-002
 N  -0.79353101600885934      -0.17235072608035290      -0.94206269251304620     
 N    3.9303643618655650       0.37801010028909160      -0.39789899792180811     
 N    3.9365444241636092      -0.37801010028909160       0.39789899792180811     
           5
           8   3.4707732889196721       -278.38324983452372     
 O  -0.31031867849326772        1.0827228990703894      -0.42599694196350785     
 N    3.3948317151181885E-002 -0.11844797916438052        4.6603315538173547E-002
 N   0.32051105979791816       -1.1182848081639196       0.43998876252741670     
 N    3.2299115808913088       0.14760421358388157      -0.47065995898078655     
 N    3.7112305848989968      -0.14760421358388157       0.47065995898078655     
           5
           9   3.3973315253679495       -382.30247749823047     
 O   0.24358139495962489        1.1721408318746858      -0.12966852832164164     
 N   -2.6647375814975439E-002 -0.12823014360444074        1.4185508733679407E-002
 N  -0.25158179786222051       -1.2106396626870122       0.13392747622089199     
 N    3.6996364943635203        7.2471709405475371E-002 -0.45230748023022577     
 N    3.0950189576549580       -7.2471709405475371E-002  0.45230748023022577     
