           5
           1   4.3537954069916793       -202.98592152583871     
 O   0.88811614872239131       0.19864760344294835       0.78857389570054726     
 N   -9.7158343256376206E-002  -2.1731698123191524E-002  -8.6268596007075316E-002
 N  -0.91728622148290884      -0.20517216113111683      -0.81447451460914466     
 N    4.7874488522065075       0.27916344775988433       0.18754508822738591     
 N    3.9199941707923220      -0.27916344775988433      -0.18754508822738591     
           5
           2   3.5308936057794895       -448.75269971054115     
 O   -7.0817195790701587E-002   1.0477701078710535      -0.58925603839729934     
 N    7.7472765549697221E-003 -0.11462420533705084        6.4463573291462420E-002
 N    7.3143178441599538E-002  -1.0821839965576421       0.60861008520677418     
 N    3.9957517651273369       -3.3930424368611600E-002 -0.28965163016734108     
 N    3.0658583170295071        3.3930424368611600E-002  0.28965163016734108     
           5
           3   4.7212319603387511       -220.96726820525816     
 O   -1.1949133876857514      -0.11777809668527005        9.1489173272105651E-002
 N   0.13072142112202600        1.2884716444230587E-002  -1.0008754501087040E-002
 N    1.2341601804745685       0.12164650472496950       -9.4494124645848929E-002
 N    4.4961590378417284       0.29435962684316325      -0.40536359853331411     
 N    4.9445229963804405      -0.29435962684316325       0.40536359853331411     
           5
           4   4.5602575206801612       -101.30669604718631     
 O   0.76604003088934136       0.70796097855200391       0.60169251023941039     
 N   -8.3803430864690012E-002  -7.7449684779660841E-002  -6.5824101418185829E-002
 N  -0.79120052759988602      -0.73121387546833339      -0.62145503153619219     
 N    4.9711956444507797      -0.19639083039651808      -0.30596288025056384     
 N    4.1489009177129867       0.19639083039651808       0.30596288025056384     
           5
           5   4.0691334585128152       -140.78244848301210     
 O   0.41924875977170800       0.63061304061165346      -0.93627860351279368     
 N   -4.5865076285694424E-002  -6.8987956530048189E-002  0.10242723102666074     
 N  -0.43301893706765104      -0.65132545340229531       0.96703056656162800     
 N    3.6711627791430836       0.37592104998163361       -4.1622179857177893E-002
 N    4.4665890927256626      -0.37592104998163361        4.1622179857177893E-002
           5
           6   4.0067907161663605       -212.13398561110188     
 O  -0.72771324397869375       0.48388087342684216      -0.82846405342968232     
 N    7.9610547846026794E-002  -5.2935715743071883E-002   9.0632509041168499E-002
 N   0.75161490178120949      -0.49977388506230097       0.85567485998103487     
 N    3.9043968791689134      -0.53898210428220872       -1.6343526786611710E-002
 N    4.1089058242637204       0.53898210428220872        1.6343526786611710E-002
           5
           7   3.6550897652332375       -387.24904062535688     
 O   0.57534014440520564      -0.50915021086998169      -0.92725925930254649     
 N   -6.2941198985862659E-002   5.5700136775944216E-002  0.10144053064745109     
 N  -0.59423712527700878       0.52587319098747609       0.95771498302813063     
 N    3.2992697230430776       0.30363483499083049       0.28771304240790724     
 N    4.0099085594958197      -0.30363483499083049      -0.28771304240790724     
           5
           8   4.6014108677650292       -231.81741796243662     
 O  -0.94311693477708380       0.74713257191293603       -4.8819261351400557E-002
 N   0.10317533242897452       -8.1734988136812445E-002   5.3407412518345640E-003
 N   0.97409350202980172      -0.77167205530799066        5.0422724375672419E-002
 N    5.1172981742585018      -0.16089116389004304       -9.5888432420287453E-002
 N    4.0855147887160959       0.16089116389004304        9.5888432420287453E-002
           5
           9   4.8645242529248192       -159.22391713794229     
 O   -1.0207956829892670       -1.1758555232207582E-002  0.63866882100567901     
 N   0.11167325073997689        1.2863652429846639E-003  -6.9869244723992918E-002
 N    1.0543235997930038        1.2144763626431113E-002 -0.65964582497684876     
 N    4.4201761621894606       0.18922274587553248      -0.26112315687761206     
 N    5.3083974097305076      -0.18922274587553248       0.26112315687761206     
