           5
           1   3.6437403497816465       -306.63849453764249     
 O   0.29273898224902895      -0.98060671873049421      -0.63464502236121967     
 N   -3.2025129328848441E-002  0.10727664879755165        6.9429048235667243E-002
 N  -0.30235396045241847        1.0128146336253760       0.65548986512869856     
 N    4.0808361009536354       0.18353182524948380      -0.27654899605389538     
 N    3.2066244134032442      -0.18353182524948380       0.27654899605389538     
           5
           2   3.4395346235295898       -364.37988089378922     
 O   0.33647538823091561        1.0203686207844216       0.54377582126167490     
 N   -3.6809815150969039E-002 -0.11162653088655468       -5.9488117598877385E-002
 N  -0.34752688365855616       -1.0538825107791574      -0.56163607557011397     
 N    3.7107262954427687       -5.7365878882880778E-002  0.47366879182230215     
 N    3.1682437487969053        5.7365878882880778E-002 -0.47366879182230215     
