           5
           1   3.9842523043873794       -210.83000297233065     
 O   0.34393488375514236        1.0531307340016587       0.47189448586831573     
 N   -3.7625870829840348E-002 -0.11521064839904860       -5.1624426044657348E-002
 N  -0.35523138545534244       -1.0877206918369691      -0.48739380598299659     
 N    4.5221900712471292       -2.4920009550709808E-002 -0.10316648423127829     
 N    3.4452305243455750        2.4920009550709808E-002  0.10316648423127829     
           5
           2   3.9295193191495410       -169.82718645878290     
 O   0.26636059456295452        1.0993711990878610      -0.41291034527563697     
 N   -2.9139380151738843E-002 -0.12026927387910846        4.5171664897784895E-002
 N  -0.27510917765663367       -1.1354799196807059       0.42647233807645213     
 N    4.3810844707690935      -0.28791382733605775      -0.11943353453828641     
 N    3.4776110497618236       0.28791382733605775       0.11943353453828641     
           5
           3   3.7499406651699538       -307.27341927129709     
 O   0.64191248960528680       0.82937857729247400       0.59172585220903706     
 N   -7.0224096358730101E-002  -9.0732556341856674E-002  -6.4733766574678081E-002
 N  -0.66299603149854902      -0.85661942127491852      -0.61116101976909942     
 N    3.8498661627341986       0.41035430214866497       0.35024528377861947     
 N    3.6482488553504666      -0.41035430214866497      -0.35024528377861947     
           5
           4   3.6453002110750390       -237.36857837296552     
 O  -0.36859170016265591        1.1410608089230099       0.11036458610725886     
 N    4.0323283139679415E-002 -0.12483004380589637       -1.2073691437524695E-002
 N   0.38069805216192398       -1.1785388199560727      -0.11398949824466832     
 N    3.7713683427576585       0.53296777832276554        3.5598236668686466E-002
 N    3.5191548651159934      -0.53296777832276554       -3.5598236668686466E-002
           5
           5   4.0251701633992765       -288.49520895700738     
 O   0.87954561770699557       -6.8048526936090425E-002  0.81965166827726577     
 N   -9.6220742250605604E-002   7.4443890561594365E-003  -8.9668449618560811E-002
 N  -0.90843419236202894        7.0283572976889613E-002 -0.84657303305181986     
 N    4.0831803509171012       0.27112898910119160       0.47355654100270012     
 N    3.9655696285696242      -0.27112898910119160      -0.47355654100270012     
           5
           6   3.5261268803741816       -202.95097896914285     
 O   0.10394220276464092        1.1348370349625359      -0.38910265421522239     
 N   -1.1371094005619250E-002 -0.12414917389077132        4.2567145406142870E-002
 N  -0.10735617245981509       -1.1721106268556780       0.40188268614133532     
 N    3.3232751537477232       0.49761253968300634      -0.11163740850747941     
 N    3.7289530857687421      -0.49761253968300634       0.11163740850747941     
           5
           7   3.7697389440054518       -346.14428952890097     
 O  -0.36574370893632191       0.58354588308578204      -0.98780853137771352     
 N    4.0011717913039459E-002  -6.3838892352373861E-002  0.10806451442329579     
 N   0.37775651899131502      -0.60271238050078813        1.0202529889806962     
 N    3.3039865339712691      -0.27501497524806562       -9.3173420661440340E-002
 N    4.2354590753417645       0.27501497524806562        9.3173420661440340E-002
           5
           8   3.9034674417696587       -239.48912732657510     
 O  -0.62439816361449918       0.69136605156775155       0.76302022841463091     
 N    6.8308059927048345E-002  -7.5634228980810736E-002  -8.3473069789929175E-002
 N   0.64490644948495668      -0.71407389001590371      -0.78808154006020814     
 N    4.1355999386068394       0.43203944815735917      -0.24627979777128736     
 N    3.6712165917655977      -0.43203944815735917       0.24627979777128736     
