           5
           1   4.3688161723150216       -235.27931903212144     
 O   -1.0168836797100558      -0.15861471608345290       0.62517909972787755     
 N   0.11124528446780804        1.7352170718794000E-002  -6.8393492963114672E-002
 N    1.0502831072160150       0.16382439819057268      -0.64571303535516167     
 N    4.6350421567564828        4.7530698351845825E-003 -0.47986272353586668     
 N    4.1023735106053048       -4.7530698351845825E-003  0.47986272353586668     
           5
           2   3.6412525967604523       -312.25722988844666     
 O   0.54926057232261305      -0.13782605831401912       -1.0627213907214410     
 N   -6.0088139709747683E-002   1.5077928154566815E-002  0.11625984936107946     
 N  -0.56730097264883472       0.14235293934765289        1.0976263525736691     
 N    3.7459043123406373      -0.26185194611244156      -0.47071042728557261     
 N    3.5352857118134220       0.26185194611244156       0.47071042728557261     
           5
           3   4.5689885227998879       -171.21266945108016     
 O  -0.97651071236200271       0.70227559045263044        5.7408855171659189E-002
 N   0.10682855291132924       -7.6827713329981340E-002  -6.2804276948995701E-003
 N    1.0085840943988025      -0.72534175145072532       -5.9294442417048614E-002
 N    4.3221026946123438      -0.49026461294847573       -1.3093462704820119E-002
 N    4.8148256077597997       0.49026461294847573        1.3093462704820119E-002
           5
           4   4.4226471140077814       -280.92361534517107     
 O    1.1680933817317767       0.19889930389338911       0.21460864712449276     
 N  -0.12778735968382005       -2.1759233709383589E-002  -2.3477808204595128E-002
 N   -1.2064592745096658      -0.20543212865390367      -0.22165744345666544     
 N    4.1362618496181369      -0.17041614529301344       0.43651585335201359     
 N    4.7077057889720653       0.17041614529301344      -0.43651585335201359     
