 ---------------------------
 OneDMin
 Argonne National Laboratory
 ---------------------------

 Job Parameters:
 RANSEED =    661285410
 TARGET GEOMS: NUMBER =            1 , FILE = target.xyz      
 BATH GEOMS:   NUMBER =            1 , FILE = bath.xyz        
 SAMPLES =            2
 S range =    2.0000000000000000        5.0000000000000000       A
 R range =    2.2449240966187460        5.6123102415468651       A


 Calculating Energy at Infinite Separation...
 Energy (in Eh) will be written to zero.ene


 Calculating Sigma and Epsilon for each orientation...

 ORIENTATION           1

 Finding distance R for bottom of well [min(V(R))]
 Step               R            V(R)
    1      3.67231988   -290.06225891
    2      3.83291644     36.74574064
    3      3.93414675   -201.51152300
    4      3.70103898   -289.18664139
    5      3.85047229    -28.61236484
    6      3.75317659   -300.09956572
    7      3.88103930   -118.80835611
    8      3.75490761   -296.75220318
    9      3.88373927   -121.24730942
   10      3.74702888   -296.41753576
   11      3.87824437   -109.87902638
   12      3.72610133   -297.09223413
   13      3.86424142    -76.19836154
   14      3.74714977   -298.69589487
   15      3.87880824   -110.05869182
   16      3.72176162   -297.02414081
   17      3.86063200    -68.54607721
   18      3.75204927   -299.08100525
   19      3.88269689   -117.20243960
   20      3.75861496   -296.54744564
   21      3.88556823   -126.36144143
   22      3.74716623   -296.18748640
   23      3.87742289   -110.08307918
   24      3.73446688   -297.19095733
   25      3.86966430    -90.28939331
   26      3.75209147   -298.09518623
   27      3.87858910   -117.26281708
   28      3.74740694   -297.05064830
   29      3.87772192   -110.44035228
   30      3.72912072   -297.15509846
   31      3.86958198    -81.38325216
   32      3.73839935   -298.10441360
   33      3.87286870    -96.62047878
   34      3.75538322   -297.72801417
   35      3.88431946   -121.91167494
   36      3.69004861   -296.34476653
   37      3.84339635     -5.03521924
   38      3.75880529   -300.74958417
   39      3.88695596   -126.61996498
   40      3.73333893   -296.01114841
   41      3.86867774    -88.43919869
   42      3.73259658   -298.20632116
   43      3.86965894    -87.21315963
   44      3.74494241   -298.09575005
   45      3.87586095   -106.75191409
   46      3.74455343   -297.37715214
   47      3.87703870   -106.16341262
   48      3.73769630   -297.23694626
   49      3.87273605    -95.50212319
   50      3.72846250   -297.74334184
   51      3.86640788    -80.26267045
   52      3.74987077   -298.45901657
   53      3.88076427   -114.05915138
   54      3.73518878   -296.78591712
   55      3.87233892    -91.46532522
   56      3.71027202   -297.78924758
   57      3.85366807    -47.11417300
   58      3.75052114   -299.78971012
   59      3.88272951   -115.00306150
   60      3.71894164   -296.54334366
   61      3.85908941    -63.44510578
   62      3.75985941   -299.24194819
   63      3.88971677   -128.04498501
   64      3.73925326   -295.65578584
   65      3.86877461    -97.97111490
   66      3.72707544   -298.19541041
   67      3.86438584    -77.88350641
   68      3.74195951   -298.68019805
   69      3.87180825   -102.19480475
   70      3.74221065   -297.85047596
   71      3.87310493   -102.58237983
   72      3.74448283   -297.70055745
   73      3.87711936   -106.05639240
   74      3.74646333   -297.22733240
   75      3.87672307   -109.03622097
   76      3.73893512   -297.27464981
   77      3.87310689    -97.46886257
   78      3.73560163   -297.70034302
   79      3.87292446    -92.13514292
   80      3.72299383   -297.72146351
   81      3.86483121    -70.74299126
   82      3.74223929   -298.63178392
   83      3.87810484   -102.62646833
   84      3.73735195   -297.10906695
   85      3.87197057    -94.95217990
   86      3.74174622   -297.83177782
   87      3.87707021   -101.86488499
   88      3.71665096   -297.23319061
   89      3.85990998    -59.22589827
   90      3.74457345   -299.15656115
   91      3.87831798   -106.19372228
   92      3.72127882   -297.08332346
   93      3.86119657    -67.67991465
   94      3.74746459   -299.02150063
   95      3.87942305   -110.52577246
   96      3.73230644   -296.94960832
   97      3.86722667    -86.73220030
   98      3.72913414   -298.36838056
   99      3.86673828    -81.40617080
  100      3.75816332   -298.42258005
  101      3.88550971   -125.74630210
  102      3.73578848   -296.19483551
  103      3.87044996    -92.43770603
  104      3.74322345   -298.00591053
  105      3.87870991   -104.13815757
  106      3.73630851   -297.03602799
  107      3.87004184    -93.27731325
  108      3.70067454   -298.05229145
  109      3.84679168    -27.85820063
  110      3.76609097   -300.44396443
  111      3.89403814   -136.23098490
  112      3.72126068   -295.08771439
  113      3.86632543    -67.64709595
  114      3.75318437   -298.46813792
  115      3.88312759   -118.81939568
  116      3.73426168   -296.49382821
  117      3.86917042    -89.95393512
  118      3.74893652   -298.15094661
  119      3.88041142   -112.69493044
  120      3.75009501   -296.82910928
  121      3.88215973   -114.38508811
  122      3.74490568   -296.61404412
  123      3.87709987   -106.69639359
  124      3.73307132   -297.22962810
  125      3.87158930    -87.99791685
  126      3.73186035   -297.87561986
  127      3.86882857    -85.99065543
  128      3.70560459   -298.18935752
  129      3.85142780    -37.90707946
  130      3.75338515   -300.00799586
  131      3.88436923   -119.10394367
  132      3.73819441   -296.33858437
  133      3.87226430    -96.29508591
  134      3.74521129   -297.79793506
  135      3.87580274   -107.15770358
  136      3.72643822   -297.38400195
  137      3.86459349    -76.78249262
  138      3.73683141   -298.65763233
  139      3.86899862    -94.11835387
  140      3.74780194   -298.17032314
  141      3.88156997   -111.02509986
  142      3.73984549   -296.68683310
  143      3.87684477    -98.90252814
  144      3.73655853   -297.26009842
  145      3.86966505    -93.67984289
  146      3.71332780   -298.09499287
  147      3.85384207    -52.98351786
  148      3.74794309   -299.77267736
  149      3.87785674   -111.23370171
  150      3.73324005   -297.13887534
  151      3.87301755    -88.27608668
  152      3.74243535   -297.71071627
  153      3.87541621   -102.92864429
  154      3.76349255   -297.42984471
  155      3.88987308   -132.86680775
  156      3.67059914   -295.63537909
  157      3.83213195     41.05725128
  158      3.93375665   -200.95296489
  159      3.67902810   -289.24896956
  160      3.83707440     20.37653081
  161      3.93525558   -204.40061944
  162      3.57906119   -289.00881141
  163      3.77480269    345.28483785
  164      3.89662716   -147.00971520
  165      3.69834022   -294.74051693
  166      3.84873907    -22.98201447
  167      3.76038381   -300.26340880
  168      3.88788529   -128.74956354
  169      3.67380998   -295.89207354
  170      3.83177754     33.04937963
  171      3.93268312   -200.69921908
  172      3.60172916   -289.42015538
  173      3.78950498    255.10935385
  174      3.91079397   -163.53153890
  175      3.66916416   -292.75440101
  176      3.82992729     44.68833768
  177      3.93804538   -199.36010362
  178      3.68530883   -288.55842862
  179      3.83564091      5.67220660
  180      3.93373495   -203.41796260
  181      3.59392234   -289.25239885
  182      3.78548115    284.96542656
  183      3.90180824   -159.21079979
  184      3.70287897   -294.03087908
  185      3.85132359    -32.39296986
  186      3.74211870   -300.01795562
  187      3.87477437   -102.44065299
  188      3.72993348   -297.50539556
  189      3.86668233    -82.75978059
  190      3.75115890   -298.42870909
  191      3.87984666   -115.92415945
  192      3.71861714   -296.89804561
  193      3.85959650    -62.85154411
  194      3.75473658   -299.18927011
  195      3.88443076   -121.00778228
  196      3.72963005   -296.33083647
  197      3.86605775    -82.24687057
 Problem with atom ordering in Molpro output file
 QC failure
