           5
           1   3.5640970099457165       -422.53169905773433     
 O   -4.7503239875946443E-002  0.55620328352405213       -1.0669776485727378     
 N    5.1967708191058360E-003  -6.0847660093438109E-002  0.11672547647741872     
 N    4.9063478326215645E-002 -0.57447171640118799        1.1020224067245699     
 N    3.0618737947469929       0.21355868451572016        6.4167691945712715E-002
 N    4.0648692929193935      -0.21355868451572016       -6.4167691945712715E-002
           5
           2   3.9435161195560391       -157.79467155174345     
 O   0.46274557091596524       0.61411632635251023       0.92670795143907791     
 N   -5.0623550854354153E-002  -6.7183245030434185E-002 -0.10138021853769397     
 N  -0.47794439597127375      -0.63428690646063535      -0.95714556752129365     
 N    3.7211177058998812       0.38987142315102163       0.31589480413819065     
 N    4.1657998075812568      -0.38987142315102163      -0.31589480413819065     
           5
           3   3.3759912145515587       -260.34656436997295     
 O  -0.23920462010883350       0.30835232578090754       -1.1391926728431636     
 N    2.6168564351046093E-002  -3.3733201625959844E-002  0.12462567300737366     
 N   0.24706126834483777      -0.31848012245687535        1.1766093251615426     
 N    3.4417632200139012      -0.15970805517254480       0.52094289023389084     
 N    3.3100568953667713       0.15970805517254480      -0.52094289023389084     
