           5
           1   3.9962198332461187       -143.94510927609448     
 O   0.28961882720723636       -2.4325292532162746E-002  -1.1685842579916035     
 N   -3.1683789859906573E-002   2.6611441814806927E-003  0.12784106068252080     
 N  -0.29913132427713440        2.5124253967674110E-002   1.2069662735437898     
 N    4.4264483893597779       0.20340051558881908       0.27322945109203134     
 N    3.5657540322866068      -0.20340051558881908      -0.27322945109203134     
           5
           2   3.6852230198180655       -273.60518263080422     
 O   0.54813208253361168       0.11016968980545279       -1.0665241734255222     
 N   -5.9964684913391540E-002  -1.2052370125196896E-002  0.11667586709459783     
 N  -0.56613541774250387      -0.11378820059624491        1.1015540372382993     
 N    3.6467142707699143       0.54699055016379872        2.3960223231175512E-002
 N    3.7229256214853361      -0.54699055016379872       -2.3960223231175512E-002
           5
           3   3.9989687936518639       -267.07304347444148     
 O   0.82865528291066870        2.7869602677851938E-002 -0.87327753910556727     
 N   -9.0653429209753583E-002  -3.0488854721185316E-003   9.5535025485752711E-002
 N  -0.85587237037233044       -2.8784976572459244E-002  0.90196023943984271     
 N    3.9746768676158930       0.51905344086314154      -0.17669264291576664     
 N    4.0231756192626982      -0.51905344086314154       0.17669264291576664     
           5
           4   4.4045674630285623       -184.53073218370378     
 O  -0.76171643964482383       0.87737007260074973      -0.31633806953135724     
 N    8.3330437593664139E-002  -9.5982741445748671E-002   3.4606827934387865E-002
 N   0.78673492849820836      -0.90618719172698281       0.32672815704234986     
 N    4.0225526130763143      -0.38164795350404068       -9.8174730671918092E-002
 N    4.7865718761945271       0.38164795350404068        9.8174730671918092E-002
