           5
           1   3.7174106490573977       -248.45012572572324     
 O   0.52158964824275877       0.66686594940597377       0.85632587098856316     
 N   -5.7060989326502061E-002  -7.2953960933579948E-002  -9.3680542834976288E-002
 N  -0.53872120025007397      -0.68876908481643517      -0.88445179573318577     
 N    3.6269831679097719      -0.20735327595363451       0.50005833497313712     
 N    3.8077711911352021       0.20735327595363451      -0.50005833497313712     
           5
           2   3.6957267057117336       -182.59119692235848     
 O   0.29146000980862313      -0.65639220219067995       0.96657141098890587     
 N   -3.1885211995333951E-002   7.1808151425906963E-002 -0.10574121083796967     
 N  -0.30103298030930503       0.67795132857846463      -0.99831833781524804     
 N    3.5068831304084176      -0.40200920784088823       0.32266287319214754     
 N    3.8837229575752370       0.40200920784088823      -0.32266287319214754     
           5
           3   3.8893345430945212       -354.02087453501429     
 O  -0.34600221816776167       0.16407189619644116        1.1416754490033278     
 N    3.7852033575305491E-002  -1.7949176616493666E-002 -0.12489728434868864     
 N   0.35736662122897545      -0.16946081875672928       -1.1791736478191379     
 N    3.3622384046692200        9.1079989105908969E-003 -0.15269885955611295     
 N    4.4164203612713182       -9.1079989105908969E-003  0.15269885955611295     
