           5
           1   4.1555336311337197       -216.82097608548273     
 O  -0.86460768284970335      -0.78740160491040312      -0.28724940434619811     
 N    9.4586558473524152E-002   8.6140349458300167E-002   3.1424579169972114E-002
 N   0.89300562275239492       0.81326372006282599       0.29668407799473800     
 N    3.9489019712473419      -0.41056386478585005      -0.30049452647229796     
 N    4.3605578919021806       0.41056386478585005       0.30049452647229796     
           5
           2   4.2955778178117043       -298.38884108794747     
 O    1.1442558265290903       0.27188350804911765      -0.25849161390766839     
 N  -0.12517957310758546       -2.9743577164748718E-002   2.8278527520375359E-002
 N   -1.1818387775479589      -0.28081349060104688       0.26698174123675406     
 N    4.4660519788433586      -0.31751028158890898      -0.41386675802066325     
 N    4.1247232548774582       0.31751028158890898       0.41386675802066325     
           5
           3   3.9137174162765778       -201.56558091133195     
 O   0.57758849507010901       0.52014448280373848       0.91972887327023445     
 N   -6.3187164590671932E-002  -5.6902890771500465E-002 -0.10061671967178884     
 N  -0.59655932276091295      -0.53722856851842082      -0.94993726233267428     
 N    4.0602667931572620       -6.6122031436027032E-002 -0.52455298646425508     
 N    3.7656698609909274        6.6122031436027032E-002  0.52455298646425508     
           5
           4   4.5846042795046991       -179.05074300527971     
 O  -0.79525855205406315       0.87349663583482295       0.23372508535794548     
 N    8.6999885644675201E-002  -9.5558994282241780E-002  -2.5569112895312641E-002
 N   0.82137872773177423      -0.90218653237597202      -0.24140175890527060     
 N    4.1103996050291212      -0.26690923701842673       -7.7149359082246710E-002
 N    5.0570404711397918       0.26690923701842673        7.7149359082246710E-002
           5
           5   3.8286340735208615       -306.64489245738014     
 O  -0.34121702541531196       0.56301400276789604        1.0082887122295157     
 N    3.7328541911901721E-002  -6.1592740789322448E-002 -0.11030501015576787     
 N   0.35242425937092742      -0.58150613293527964       -1.0414058390171035     
 N    3.4023822160649635      -0.31802605279067819      -0.13566172166157858     
 N    4.2548612452086658       0.31802605279067819       0.13566172166157858     
           5
           6   4.4931158872470123       -229.35556180893363     
 O  -0.80562284217268199      -0.59532475422734987      -0.66829651063671769     
 N    8.8133720738657037E-002   6.5127480120079004E-002   7.3110461813904917E-002
 N   0.83208343176731836       0.61487812731028590       0.69024663266627062     
 N    3.9645754538467872       0.11853068137281775       -8.8585716156815611E-002
 N    5.0216049619051564      -0.11853068137281775        8.8585716156815611E-002
           5
           7   4.1639106475915231       -185.96758695422315     
 O   0.74753661631607016      -0.85485452228571568      -0.40059044665323540     
 N   -8.1779189883247297E-002   9.3519579877004266E-002   4.3823889676085602E-002
 N  -0.77208937050307569       0.88293212075141647       0.41374779380073756     
 N    4.4059455639117129       0.16627845415781567       0.46366635797422434     
 N    3.9218390428812455      -0.16627845415781567      -0.46366635797422434     
           5
           8   4.1267709153586516       -240.64722275885143     
 O  -0.53524004071700360       0.36671927415955896        1.0144432097109248     
 N    5.8554318233430304E-002  -4.0118443031104928E-002 -0.11097830134603556     
 N   0.55281993829517240      -0.37876412654210734       -1.0477624802604468     
 N    4.5650557500795506       0.26112503470984871       0.20201345459327302     
 N    3.6881770191906731      -0.26112503470984871      -0.20201345459327302     
           5
           9   3.5681292234574191       -276.70891363661764     
 O  -0.37129294586585393      -0.81154103776424091      -0.80845695329451650     
 N    4.0618794664414870E-002   8.8781160918154078E-002   8.8443767506298898E-002
 N   0.38348801996956711       0.83819600981241671       0.83501062894299183     
 N    3.2300508331403521      -0.12351171129532115      -0.41492097197598787     
 N    3.9047663019052314       0.12351171129532115       0.41492097197598787     
           5
          10   3.4294362684098876       -393.44144731311377     
 O   0.25646114877931353      -0.32868496959120103        1.1297140447418910     
 N   -2.8056398209705128E-002   3.5957557065810788E-002 -0.12358872777899584     
 N  -0.26488458571478685       0.33948058961461397       -1.1668193726104426     
 N    3.0838844490983379       0.42627840380536330       -1.4426846122147785E-002
 N    3.7746908918024267      -0.42627840380536330        1.4426846122147785E-002
