           5
           1   4.2716788076688106       -115.95743749792044     
 O   0.47115454346986957      -0.88716958039731120       0.66408093237256460     
 N   -5.1543477648840423E-002   9.7054790347923817E-002  -7.2649284972788011E-002
 N  -0.48662956026157589       0.91630856323005860      -0.68589259421887483     
 N    4.7422246986601380       0.27969012935207238        3.7945880907500514E-002
 N    3.8008250206796856      -0.27969012935207238       -3.7945880907500514E-002
           5
           2   3.7722236563348965       -155.20964426195593     
 O   0.20302425142130473      -0.75272482845370803      -0.91773985361844890     
 N   -2.2210495707499826E-002   8.2346771157927046E-002  0.10039912442329588     
 N  -0.20969255960895400       0.77744798887166611       0.94788291355918741     
 N    3.4756547199143339      -0.39218145230505630      -0.24407898221846450     
 N    4.0684243401458211       0.39218145230505630       0.24407898221846450     
           5
           3   4.2935632214959627       -208.18856368879628     
 O  -0.93974991890750648      -0.74835389697683707        8.3045094667739391E-002
 N   0.10280698682003962        8.1868598948818094E-002  -9.0849871664799020E-003
 N   0.97061589691123629       0.77293349465314820       -8.5772701250895048E-002
 N    4.1729154713895529       0.21738146136298461       0.48931605907318165     
 N    4.4140784150524128      -0.21738146136298461      -0.48931605907318165     
           5
           4   3.5320569152066024       -489.38440482926461     
 O   0.26899047881808941       0.99089336307553988       0.62915373182833323     
 N   -2.9427084859678800E-002 -0.10840198958058994       -6.8828310718077712E-002
 N  -0.27782544015765948       -1.0234391416208442      -0.64981821378982529     
 N    4.0279711510744027       0.15606696840914652       0.17579282372691682     
 N    3.0360744200424956      -0.15606696840914652      -0.17579282372691682     
           5
           5   3.4276012890646377       -449.81727809398143     
 O   0.36302066662727622       0.42144216248836514        1.0680180018305292     
 N   -3.9713821877994389E-002  -4.6105030681694331E-002 -0.11683928929241347     
 N  -0.37494403867081205      -0.43528438184426860       -1.1030969302654601     
 N    3.7615392028500962       -3.5102589755095927E-002  0.43401140599268767     
 N    3.0933275464986494        3.5102589755095927E-002 -0.43401140599268767     
