           5
           1   3.5408235157142349       -304.34318474420201     
 O   0.42788761271379794       -1.0519643165662778       0.40042879580867841     
 N   -4.6810151589973460E-002  0.11508304438494528       -4.3806205358256509E-002
 N  -0.44194153214104975        1.0865159635550754      -0.41358083355278286     
 N    3.7113158942307409       0.10118026390631825       0.51165273413273027     
 N    3.3695625878204045      -0.10118026390631825      -0.51165273413273027     
           5
           2   4.6115595111744945       -180.82665643247657     
 O   -1.0048474085045740       0.16179556728753036       0.64355561763005786     
 N   0.10992853758623029       -1.7700150241042070E-002  -7.0403851672125248E-002
 N    1.0378515060671083      -0.16710972408661107      -0.66469312787431389     
 N    4.3093561010377819      -0.39782418993034618      -0.22724996978896450     
 N    4.9137340023459899       0.39782418993034618       0.22724996978896450     
           5
           3   4.5886042218437204       -217.96203345768944     
 O   -1.1518572919818622       0.30132838871482387      -0.18023854753685881     
 N   0.12601116004671986       -3.2964795275664927E-002   1.9717779813832249E-002
 N    1.1896899122592650      -0.31122548498569513       0.18615846190105939     
 N    4.4929063774290574      -0.39273173788562693       0.37125381297041765     
 N    4.6842927423823753       0.39273173788562693      -0.37125381297041765     
           5
           4   3.5734933793413020       -287.40693214270385     
 O  -0.33105377968232230       0.51623744943508487        1.0363214963100322     
 N    3.6216700719795027E-002  -5.6475468198797736E-002 -0.11337174738607811     
 N   0.34192720300073592      -0.53319320908813062       -1.0703593566666301     
 N    3.9546202242520021       -8.7134867483523518E-002 -0.38467067187337034     
 N    3.1913095775835081        8.7134867483523518E-002  0.38467067187337034     
           5
           5   3.8103109090763767       -192.03791264382016     
 O   0.39155494703870136       -1.1052963467476711      -0.27397930993275466     
 N   -4.2835421924086459E-002  0.12091747460263397        2.9972854201429894E-002
 N  -0.40441552424055760        1.1415996781339377       0.28297812885650903     
 N    4.0996958635229630       0.33628207098289603      -0.32298137781609293     
 N    3.5206546039231914      -0.33628207098289603       0.32298137781609293     
           5
           6   3.6672983980545824       -280.95372418393595     
 O   0.50479612809259267      -0.15231195223379504        1.0826088357411987     
 N   -5.5223807784898618E-002   1.6662659448843709E-002 -0.11843550083696083     
 N  -0.52137609886203673       0.15731462078716810       -1.1181669984378004     
 N    3.8780713119626240       0.49357783556260104       0.11480080484871148     
 N    3.4565194541435598      -0.49357783556260104      -0.11480080484871148     
           5
           7   3.6003312731059047       -449.75447652673250     
 O    4.5050675956080664E-002   1.2027136167796963       -3.8863164617146707E-002
 N   -4.9284646436947559E-003 -0.13157475245360697        4.2515617955304914E-003
 N   -4.6530360226476858E-002  -1.2422166071959819        4.0139620789255454E-002
 N    4.1406049713594957        2.1158213777074615E-002  -9.4006057475122626E-002
 N    3.0599755475365136       -2.1158213777074615E-002   9.4006057475122626E-002
           5
           8   4.0345975544793289       -237.68295032465059     
 O  -0.76017150284119206       -5.4169854719939757E-002 -0.93234374887336535     
 N    8.3161424227008660E-002   5.9260867473237113E-003  0.10199676485591104     
 N   0.78513924842294802        5.5949057368017308E-002  0.96296647207412434     
 N    4.2951975325943312      -0.42723490445387596       0.22442118627172963     
 N    3.7723963683686681       0.42723490445387596      -0.22442118627172963     
           5
           9   3.5971369317197253       -241.82478908528179     
 O   -2.9656047993146251E-002  0.79858869894008555      -0.90079773628604676     
 N    3.2443194448053231E-003  -8.7364197851712275E-002   9.8545686611541991E-002
 N    3.0630097478671240E-002 -0.82481825290926014       0.93038433433155443     
 N    3.2036776568254002        9.4684571929562519E-002 -0.37079487751362061     
 N    3.9904960282642592       -9.4684571929562519E-002  0.37079487751362061     
           5
          10   3.8576145730086724       -256.71383104224623     
 O   0.66117808635147668        1.0023464104823707       -9.0582362947561487E-002
 N   -7.2331718728166752E-002 -0.10965493280528546        9.9095510479044434E-003
 N  -0.68289440455408712       -1.0352683630525112        9.3557530240489420E-002
 N    3.8954827721106935      -0.51478198290573540       0.18652017500753068     
 N    3.8197323621831059       0.51478198290573540      -0.18652017500753068     
