           5
           1   4.0757558969400147       -128.64613964142256     
 O   0.47256696312172014      -0.92170158461708407       0.61417148031777580     
 N   -5.1697993872370375E-002  0.10083253082043048       -6.7189278777142800E-002
 N  -0.48808837067444594       0.95197476715682516      -0.63434387195154651     
 N    4.3535552597485774       0.40083149881938701      -0.25175515415838806     
 N    3.7979357904383666      -0.40083149881938701       0.25175515415838806     
           5
           2   4.3147192815296425       -270.27202186963945     
 O    1.0848344008227486      -0.51031307782123414      -0.11302583046199795     
 N  -0.11867897373906229        5.5827352373334062E-002   1.2364826885155946E-002
 N   -1.1204656619484865       0.52707425216999848       0.11673815086416305     
 N    4.5249797059222097       0.30416505818867190      -0.40557054228411782     
 N    4.1044041509088522      -0.30416505818867190       0.40557054228411782     
           5
           3   4.6030814543816030       -238.21796319617792     
 O   -1.1445567282128679      -0.37342953787989563        2.4499573402812065E-002
 N   0.12521249122209216        4.0852534069556558E-002  -2.6802102019307492E-003
 N    1.1821495623129328       0.38569478810257568       -2.5304259073475464E-002
 N    4.8881644984377735       0.36586931315542981      -0.29340582949967264     
 N    4.3179804521262932      -0.36586931315542981       0.29340582949967264     
           5
           4   3.7977350189077619       -222.81750386164475     
 O  -0.58745965122750043       0.82648432231954883      -0.64951888047624673     
 N    6.4267051697394190E-002  -9.0415929942780998E-002   7.1056222129943739E-002
 N   0.60675469590698994      -0.85363010483028245       0.67085225340283738     
 N    3.7749199471584305        7.2962658014086607E-002  0.54348983966180930     
 N    3.8205287831510395       -7.2962658014086607E-002 -0.54348983966180930     
           5
           5   4.5343001476640987       -227.59878985533965     
 O   -1.0854974838612723      -0.28353405750166583       0.43745125868254853     
 N   0.11875151385620469        3.1018126765568883E-002  -4.7856397623390390E-002
 N    1.1211505238731478       0.29284670101040766      -0.45181929496170714     
 N    4.2531616612285132      -0.46421909828356056       -8.1970340825737981E-002
 N    4.8153228081391131       0.46421909828356056        8.1970340825737981E-002
           5
           6   4.3996509673878927       -184.47930950467313     
 O  -0.92492175560377443       0.76698764180987966        7.9433344869825867E-002
 N   0.10118481185767900       -8.3907097831250152E-002  -8.6898680966075257E-003
 N   0.95530070428921421      -0.79217926269212235       -8.2042323946264650E-002
 N    4.2181786272664406      -0.40699108185336530      -0.32039682011892440     
 N    4.5811052518602224       0.40699108185336530       0.32039682011892440     
           5
           7   4.3825400488307311       -164.27657824717224     
 O   0.75652033141502462      -0.46208136007387013       0.81499555691024528     
 N   -8.2761992500401990E-002   5.0550887357486404E-002  -8.9159079231491870E-002
 N  -0.78136815469121768       0.47725836920046250      -0.84176399224245946     
 N    4.8730106575988925      -0.24609820586252848       -9.6434840624476537E-003
 N    3.8920570948924169       0.24609820586252848        9.6434840624476537E-003
           5
           8   4.3202021162085584       -190.01195351101308     
 O   0.77014329751607391        3.8862110744291370E-002  0.92489404290168487     
 N   -8.4252321010383241E-002  -4.2514465036953240E-003 -0.10118178013685503     
 N  -0.79543856554704739       -4.0138532302067390E-002 -0.95527208136661179     
 N    4.8099035514255473      -0.14522043648193367       0.19985751833689341     
 N    3.8297141943062911       0.14522043648193367      -0.19985751833689341     
           5
           9   4.4550091421408426       -208.79105952982428     
 O  -0.76335761627926191       0.92994041980914788       -5.0556089930753820E-002
 N    8.3509979428392014E-002 -0.10173384488703625        5.5307472409532651E-003
 N   0.78843000939044905      -0.96048420594320483        5.2216598889957916E-002
 N    3.9736239332534176      -0.17241892241869147      -0.19948099178956735     
 N    4.9363364466589053       0.17241892241869147       0.19948099178956735     
           5
          10   4.9562445293945423       -160.89336386406612     
 O   -1.0146703913109676      -0.38445313452798796      -0.52220660404088137     
 N   0.11100315461315635        4.2058496137238735E-002   5.7128483204745610E-002
 N    1.0479971236140142       0.39708045351472554       0.53935841989042832     
 N    4.4308883705405009        7.9144048445768250E-002  0.13771958856975866     
 N    5.4815916231861568       -7.9144048445768250E-002 -0.13771958856975866     
