           5
           1   3.5788843544448077       -235.03818423663097     
 O  -0.37525152513311655        1.0045567350388747       0.54782480039585968     
 N    4.1051856267685517E-002 -0.10989673842077591       -5.9931068788452016E-002
 N   0.38757661831757767       -1.0375512854648590      -0.56581804295827864     
 N    3.6192506036660363       0.50073458053053044       0.22100318127258722     
 N    3.5380774433589552      -0.50073458053053044      -0.22100318127258722     
           5
           2   4.0258390017434875       -167.49620544111647     
 O   0.46023030782583452      -0.79699354487042839       0.77656249339564642     
 N   -5.0348385500089882E-002   8.7189690804554645E-002  -8.4954569739442640E-002
 N  -0.47534651935423383       0.82317070618764743      -0.80206859917699813     
 N    4.4299564546613386       0.34487993409284762       0.13691838059539230     
 N    3.6211648007095967      -0.34487993409284762      -0.13691838059539230     
           5
           3   4.6316461160168689       -197.32769282406835     
 O    1.1322648107745708      -0.34570391681719970      -0.22028425530284598     
 N  -0.12386777709267661        3.7819399932675038E-002   2.4098709748131299E-002
 N   -1.1694539182600963       0.35705852220486262       0.22751946633287198     
 N    4.2098003061236540        6.3040958427154847E-002  0.34543799924563157     
 N    5.0534192319379363       -6.3040958427154847E-002 -0.34543799924563157     
           5
           4   3.6708902334940818       -265.63173032955120     
 O  -0.48857106743813455      -0.95804543897118333       0.54176304957456412     
 N    5.3448814711426068E-002  0.10480848450810414       -5.9267923919532235E-002
 N   0.50461812795646432       0.98951233122719506      -0.55955719462843345     
 N    3.4185887615803461        5.8643200557895007E-002  0.48414294084089560     
 N    3.9221416768633595       -5.8643200557895007E-002 -0.48414294084089560     
           5
           5   3.6780717161342800       -395.31992606907096     
 O  -0.28560420715315604       -1.1158053163104946      -0.35138111204945482     
 N    3.1244597493210641E-002  0.12206713737312233        3.8440475097114277E-002
 N   0.29498484448910850        1.1524538135933917       0.36292218426157391     
 N    4.2008521191181876       0.16355339968691829       -1.8589066914088768E-002
 N    3.1537045100346073      -0.16355339968691829        1.8589066914088768E-002
           5
           6   3.8061010412064977       -307.33205324751935     
 O  -0.53807914303868865       0.70759767991761557      -0.81230309131346734     
 N    5.8864911029549438E-002  -7.7409940548599121E-002   8.8864528234942536E-002
 N   0.55575229060608156      -0.73083864433208234       0.83898309292282192     
 N    4.2429755597318239       -4.9933004725089866E-002  0.32828212035893956     
 N    3.3689907972742335        4.9933004725089866E-002 -0.32828212035893956     
           5
           7   3.8348688352771978       -227.82180614624576     
 O   0.28518362515009293      -0.53283043300206889        1.0415478781930942     
 N   -3.1198586562455867E-002   5.8290711391219822E-002 -0.11394350436371432     
 N  -0.29455044851852680       0.55033118729197517       -1.0757573984615429     
 N    4.3161633347986976      -0.16560160526783743      -0.20516620280158343     
 N    3.3534427433061400       0.16560160526783743       0.20516620280158343     
