          10
       28027   6.6031338453292854       -15.902359069263669       -15.902359069263669       -17.909193872630112     
 C   0.45892672953095592        1.1304923047345745       0.46579901983612249     
 H   0.64580535046892840        1.6315269465905511      -0.48441583547112588     
 H  -0.46504503984194090        1.5112980351313476       0.90184017422857055     
 C   0.33847956373668925      -0.37551880293367890       0.23866545266260208     
 H   0.15624882156094186      -0.87253274520251511        1.1915981780627038     
 H    1.2657818548908437      -0.75244634452668313      -0.19301396477458493     
 O  -0.73069031728990963      -0.64529870279703239      -0.64149099891193850     
 H    1.2868552863083484        1.3291940006803458        1.1464775181668525     
 H  -0.78764047162253681       -1.5950210607944451      -0.76949588751516307     
 Ar   0.0000000000000000        0.0000000000000000        6.6031338453292854     
