           5
           1   3.9494989151916924       -220.26765352178600     
 O  -0.71054238288240024       0.55659511981019094       0.79711438808162083     
 N    7.7732085869177056E-002  -6.0890526293364493E-002  -8.7202910839130218E-002
 N   0.73388006572706821      -0.57487642250507909      -0.82329551848021310     
 N    3.8647273054996352      -0.48485234543573108       0.24284477515705408     
 N    4.0340721024629955       0.48485234543573108      -0.24284477515705408     
           5
           2   3.8048489082006860       -342.88414490463572     
 O   0.70468326067898679       0.82549250130060425      -0.52157797630916103     
 N   -7.7091108214352042E-002  -9.0307426469281360E-002   5.7059712437513392E-002
 N  -0.72782850132875476      -0.85260570756404219       0.53870914495315947     
 N    3.5277578412042869      -0.43498771466568642       0.18798525946075156     
 N    4.0815521245826814       0.43498771466568642      -0.18798525946075156     
           5
           3   3.4143638824227374       -418.56535989729599     
 O   0.20190931942408602       -1.1379327249518312      -0.33823319347583330     
 N   -2.2088524109697978E-002  0.12448783692603752        3.7002115950373768E-002
 N  -0.20854100779851753        1.1753079944266287       0.34934242381457392     
 N    3.0464406261348715       0.24521592265140804      -0.32569962119269619     
 N    3.7813248477464203      -0.24521592265140804       0.32569962119269619     
